Matrix A plus Matrix B: 
   16  -32    1         4    2   -1        20  -30    0
   25    8   12    +   11   44   13    =   36   52   25
   -5    0  -16        25   -8    0        20   -8  -16
    6    1   13         2    1    5         8    2   18
Matrix A minus Matrix B: 
   16  -32    1         4    2   -1        12  -34    2
   25    8   12    -   11   44   13    =   14  -36   -1
   -5    0  -16        25   -8    0       -30    8  -16
    6    1   13         2    1    5         4    0    8
Matrix C times Matrix D: 
         3    5   -9   12  -10    5          13664      8216     19171     -5409     40945        81
    *   -3    2   15   -4    0    1    =         7         1        38       -13        38        -3
         1    0   -7    1    2    4             47        16       -98        66        31        61
         5    3    7   -2   15    0            -14       -11       -13       -12       -20       -11
                         